  395 base-pairs
...     1 C-G ...
    0.6852   -1.3501    3.2072
    0.8381    0.5395   -0.0805
   -0.5390    0.8418    0.0291
    0.0834    0.0190    0.9963
...     2 A-U ...
    2.3447   -2.1187    6.2354
    0.4196    0.8783   -0.2290
   -0.8838    0.4529    0.1176
    0.2070    0.1531    0.9663
...     3 C-G ...
    4.4893   -1.6374    9.0188
   -0.1417    0.9682   -0.2063
   -0.9641   -0.0877    0.2505
    0.2245    0.2344    0.9459
...     4 A-U ...
    6.4918   -0.0644   11.4745
   -0.6476    0.7313   -0.2141
   -0.7468   -0.5531    0.3693
    0.1516    0.3991    0.9043
...     5 C-G ...
    7.5427    2.4633   13.7294
   -0.9578    0.2824   -0.0530
   -0.2752   -0.8482    0.4526
    0.0828    0.4481    0.8901
...     6 G-C ...
    7.5030    5.5972   15.8244
   -0.9687   -0.2479    0.0126
    0.2248   -0.8547    0.4679
   -0.1052    0.4561    0.8837
...     7 G-C ...
    6.0983    8.4049   17.9354
   -0.6933   -0.7066    0.1417
    0.6873   -0.5891    0.4249
   -0.2167    0.3920    0.8941
...     8 G-C ...
    3.7175   10.2255   20.2441
   -0.2079   -0.9512    0.2279
    0.9380   -0.1278    0.3221
   -0.2772    0.2807    0.9189
...     9 G-C ...
    1.0398   10.7133   22.8717
    0.3405   -0.9077    0.2450
    0.9011    0.3894    0.1905
   -0.2683    0.1560    0.9506
...    10 G-C ...
   -1.1656    9.9264   25.8432
    0.7858   -0.5893    0.1879
    0.5877    0.8060    0.0700
   -0.1927    0.0555    0.9797
...    11 A-U ...
   -2.1647    8.5292   28.9867
    0.9930   -0.0659    0.0984
    0.0676    0.9976   -0.0137
   -0.0972    0.0203    0.9951
...    12 C-G ...
   -1.8874    7.2022   32.2640
    0.8765    0.4813   -0.0051
   -0.4811    0.8759   -0.0357
   -0.0127    0.0337    0.9994
...    13 A-U ...
   -0.5860    6.3875   35.4511
    0.4983    0.8439   -0.1987
   -0.8584    0.5125    0.0239
    0.1220    0.1587    0.9798
...    14 C-G ...
    1.3055    6.7827   38.4250
   -0.0552    0.9710   -0.2325
   -0.9876   -0.0189    0.1557
    0.1468    0.2382    0.9601
...    15 A-U ...
    3.1615    8.2697   41.0439
   -0.5727    0.7679   -0.2868
   -0.8148   -0.4951    0.3016
    0.0896    0.4065    0.9093
...    16 C-G ...
    4.1566   10.7679   43.3563
   -0.9268    0.3438   -0.1509
   -0.3746   -0.8189    0.4349
    0.0260    0.4596    0.8877
...    17 G-C ...
    4.1254   13.9395   45.3941
   -0.9799   -0.1831   -0.0793
    0.1199   -0.8580    0.4994
   -0.1595    0.4799    0.8627
...    18 G-C ...
    2.7151   16.8759   47.3179
   -0.7500   -0.6563    0.0825
    0.6013   -0.6244    0.4985
   -0.2756    0.4235    0.8629
...    19 G-C ...
    0.2497   18.8960   49.3559
   -0.2929   -0.9306    0.2194
    0.8915   -0.1829    0.4145
   -0.3456    0.3170    0.8832
...    20 G-C ...
   -2.6316   19.6126   51.7005
    0.2529   -0.9231    0.2898
    0.9026    0.3330    0.2728
   -0.3483    0.1926    0.9174
...    21 G-C ...
   -5.1636   19.0332   54.4511
    0.7221   -0.6359    0.2724
    0.6313    0.7668    0.1164
   -0.2829    0.0879    0.9551
...    22 A-U ...
   -6.5558   17.7690   57.5000
    0.9720   -0.1293    0.1965
    0.1359    0.9905   -0.0207
   -0.1919    0.0468    0.9803
...    23 C-G ...
   -6.6888   16.4934   60.8066
    0.9034    0.4222    0.0746
   -0.4151    0.9048   -0.0949
   -0.1075    0.0547    0.9927
...    24 A-U ...
   -5.7614   15.6595   64.1171
    0.5712    0.8050   -0.1603
   -0.8200    0.5683   -0.0677
    0.0366    0.1701    0.9847
...    25 C-G ...
   -4.1456   15.9894   67.2570
    0.0334    0.9676   -0.2501
   -0.9971    0.0494    0.0580
    0.0685    0.2475    0.9665
...    26 A-U ...
   -2.4568   17.4037   70.0251
   -0.4889    0.7980   -0.3523
   -0.8719   -0.4340    0.2268
    0.0281    0.4180    0.9080
...    27 C-G ...
   -1.5246   19.8772   72.3896
   -0.8824    0.4011   -0.2460
   -0.4696   -0.7834    0.4072
   -0.0294    0.4748    0.8796
...    28 G-C ...
   -1.5394   23.0846   74.3706
   -0.9777   -0.1197   -0.1728
    0.0125   -0.8537    0.5205
   -0.2098    0.5067    0.8362
...    29 G-C ...
   -2.9282   26.1461   76.1058
   -0.7971   -0.6036    0.0174
    0.5064   -0.6525    0.5638
   -0.3290    0.4582    0.8257
...    30 G-C ...
   -5.4378   28.3653   77.8635
   -0.3751   -0.9047    0.2023
    0.8326   -0.2328    0.5027
   -0.4076    0.3570    0.8405
...    31 G-C ...
   -8.4784   29.3177   79.9032
    0.1606   -0.9317    0.3259
    0.8922    0.2782    0.3557
   -0.4220    0.2337    0.8759
...    32 G-C ...
  -11.2991   28.9625   82.3992
    0.6476   -0.6764    0.3508
    0.6674    0.7257    0.1674
   -0.3678    0.1258    0.9214
...    33 A-U ...
  -13.0634   27.8550   85.3135
    0.9373   -0.1890    0.2929
    0.2039    0.9788   -0.0209
   -0.2827    0.0793    0.9559
...    34 C-G ...
  -13.6032   26.6583   88.6082
    0.9183    0.3632    0.1573
   -0.3418    0.9281   -0.1476
   -0.1996    0.0818    0.9765
...    35 A-U ...
  -13.0606   25.8324   92.0050
    0.6372    0.7622   -0.1144
   -0.7692    0.6197   -0.1559
   -0.0479    0.1873    0.9811
...    36 C-G ...
  -11.7391   26.1187   95.2837
    0.1229    0.9580   -0.2589
   -0.9924    0.1162   -0.0410
   -0.0092    0.2620    0.9650
...    37 A-U ...
  -10.2357   27.4744   98.1848
   -0.3973    0.8212   -0.4096
   -0.9171   -0.3709    0.1459
   -0.0321    0.4336    0.9005
...    38 C-G ...
   -9.3727   29.9286  100.5953
   -0.8251    0.4533   -0.3371
   -0.5588   -0.7423    0.3697
   -0.0826    0.4935    0.8658
...    39 G-C ...
   -9.3631   33.1696  102.5210
   -0.9621   -0.0585   -0.2665
   -0.0959   -0.8420    0.5309
   -0.2554    0.5363    0.8044
...    40 G-C ...
  -10.7039   36.3506  104.0690
   -0.8340   -0.5493   -0.0528
    0.4039   -0.6729    0.6198
   -0.3759    0.4956    0.7830
...    41 G-C ...
  -13.2167   38.7656  105.5406
   -0.4533   -0.8737    0.1768
    0.7621   -0.2769    0.5853
   -0.4623    0.4000    0.7913
...    42 G-C ...
  -16.3698   39.9576  107.2581
    0.0648   -0.9334    0.3529
    0.8702    0.2259    0.4379
   -0.4884    0.2787    0.8269
...    43 G-C ...
  -19.4374   39.8399  109.4692
    0.5632   -0.7104    0.4221
    0.6955    0.6833    0.2222
   -0.4463    0.1684    0.8789
...    44 A-U ...
  -21.5475   38.9104  112.2107
    0.8894   -0.2444    0.3862
    0.2707    0.9626   -0.0142
   -0.3683    0.1171    0.9223
...    45 C-G ...
  -22.4847   37.8190  115.4525
    0.9212    0.3050    0.2418
   -0.2623    0.9454   -0.1933
   -0.2876    0.1146    0.9509
...    46 A-U ...
  -22.3320   37.0283  118.8972
    0.6953    0.7160   -0.0616
   -0.7068    0.6658   -0.2393
   -0.1303    0.2099    0.9690
...    47 C-G ...
  -21.3193   37.2933  122.2858
    0.2120    0.9424   -0.2587
   -0.9735    0.1806   -0.1400
   -0.0853    0.2816    0.9557
...    48 A-U ...
  -20.0168   38.6056  125.3017
   -0.2991    0.8371   -0.4579
   -0.9499   -0.3066    0.0600
   -0.0902    0.4530    0.8870
...    49 C-G ...
  -19.2283   41.0459  127.7515
   -0.7559    0.4998   -0.4228
   -0.6410   -0.6962    0.3231
   -0.1329    0.5153    0.8466
...    50 G-C ...
  -19.1869   44.3176  129.6241
   -0.9334   -0.0003   -0.3590
   -0.2038   -0.8229    0.5304
   -0.2955    0.5682    0.7680
...    51 G-C ...
  -20.4537   47.6108  130.9888
   -0.8601   -0.4940   -0.1270
    0.2953   -0.6853    0.6657
   -0.4159    0.5351    0.7353
...    52 G-C ...
  -22.9287   50.2157  132.1728
   -0.5263   -0.8381    0.1434
    0.6811   -0.3146    0.6611
   -0.5090    0.4456    0.7364
...    53 G-C ...
  -26.1460   51.6476  133.5553
   -0.0331   -0.9283    0.3704
    0.8368    0.1769    0.5182
   -0.5465    0.3271    0.7709
...    54 G-C ...
  -29.4149   51.7773  135.4553
    0.4701   -0.7373    0.4851
    0.7152    0.6404    0.2801
   -0.5172    0.2153    0.8283
...    55 A-U ...
  -31.8395   51.0448  137.9885
    0.8291   -0.2947    0.4751
    0.3352    0.9421   -0.0007
   -0.4474    0.1599    0.8799
...    56 C-G ...
  -33.1591   50.0836  141.1370
    0.9118    0.2484    0.3270
   -0.1777    0.9566   -0.2311
   -0.3702    0.1526    0.9163
...    57 A-U ...
  -33.3958   49.3546  144.5906
    0.7449    0.6672   -0.0027
   -0.6335    0.7059   -0.3168
   -0.2094    0.2377    0.9485
...    58 C-G ...
  -32.7017   49.6210  148.0584
    0.2994    0.9209   -0.2495
   -0.9409    0.2415   -0.2376
   -0.1586    0.3059    0.9388
...    59 A-U ...
  -31.6129   50.9054  151.1696
   -0.1959    0.8456   -0.4966
   -0.9698   -0.2420   -0.0295
   -0.1451    0.4758    0.8675
...    60 C-G ...
  -30.9032   53.3377  153.6513
   -0.6757    0.5399   -0.5020
   -0.7150   -0.6457    0.2681
   -0.1794    0.5400    0.8223
...    61 G-C ...
  -30.8230   56.6369  155.4737
   -0.8919    0.0540   -0.4490
   -0.3095   -0.7967    0.5191
   -0.3297    0.6019    0.7273
...    62 G-C ...
  -31.9909   60.0335  156.6618
   -0.8751   -0.4387   -0.2042
    0.1822   -0.6896    0.7009
   -0.4483    0.5761    0.6834
...    63 G-C ...
  -34.3874   62.8193  157.5607
   -0.5932   -0.7985    0.1024
    0.5908   -0.3454    0.7292
   -0.5469    0.4931    0.6766
...    64 G-C ...
  -37.6197   64.4880  158.6002
   -0.1316   -0.9164    0.3780
    0.7925    0.1318    0.5955
   -0.5955    0.3780    0.7089
...    65 G-C ...
  -41.0416   64.8715  160.1675
    0.3698   -0.7567    0.5391
    0.7262    0.5974    0.3403
   -0.5795    0.2657    0.7704
...    66 A-U ...
  -43.7449   64.3520  162.4598
    0.7572   -0.3390    0.5584
    0.3966    0.9178    0.0193
   -0.5190    0.2068    0.8293
...    67 C-G ...
  -45.4263   63.5440  165.4762
    0.8904    0.1943    0.4117
   -0.0893    0.9613   -0.2606
   -0.4464    0.1953    0.8733
...    68 A-U ...
  -46.0464   62.9024  168.8994
    0.7850    0.6165    0.0614
   -0.5505    0.7396   -0.3872
   -0.2841    0.2702    0.9199
...    69 C-G ...
  -45.6764   63.1928  172.4146
    0.3838    0.8939   -0.2315
   -0.8948    0.2981   -0.3323
   -0.2280    0.3347    0.9143
...    70 A-U ...
  -44.8109   64.4655  175.5999
   -0.0891    0.8464   -0.5250
   -0.9765   -0.1781   -0.1214
   -0.1963    0.5019    0.8424
...    71 C-G ...
  -44.1830   66.8956  178.1057
   -0.5857    0.5729   -0.5734
   -0.7797   -0.5916    0.2053
   -0.2216    0.5673    0.7932
...    72 G-C ...
  -44.0575   70.2186  179.8817
   -0.8383    0.1035   -0.5352
   -0.4117   -0.7639    0.4970
   -0.3574    0.6370    0.6830
...    73 G-C ...
  -45.1030   73.7082  180.9024
   -0.8788   -0.3841   -0.2833
    0.0661   -0.6858    0.7248
   -0.4727    0.6182    0.6281
...    74 G-C ...
  -47.3818   76.6637  181.5228
   -0.6530   -0.7554    0.0545
    0.4924   -0.3687    0.7884
   -0.5755    0.5417    0.6127
...    75 G-C ...
  -50.5796   78.5626  182.2163
   -0.2294   -0.8979    0.3758
    0.7379    0.0913    0.6687
   -0.6347    0.4307    0.6416
...    76 G-C ...
  -54.1038   79.2026  183.4340
    0.2637   -0.7683    0.5832
    0.7284    0.5550    0.4018
   -0.6324    0.3189    0.7060
...    77 A-U ...
  -57.0461   78.9091  185.4561
    0.6746   -0.3768    0.6348
    0.4540    0.8898    0.0457
   -0.5820    0.2574    0.7714
...    78 C-G ...
  -59.0635   78.2751  188.3033
    0.8572    0.1435    0.4946
    0.0016    0.9596   -0.2813
   -0.5150    0.2419    0.8224
...    79 A-U ...
  -60.0555   77.7454  191.6574
    0.8152    0.5645    0.1298
   -0.4590    0.7663   -0.4496
   -0.3533    0.3069    0.8837
...    80 C-G ...
  -60.0102   78.0820  195.1877
    0.4640    0.8618   -0.2049
   -0.8361    0.3497   -0.4228
   -0.2927    0.3675    0.8828
...    81 A-U ...
  -59.3744   79.3593  198.4249
    0.0198    0.8396   -0.5428
   -0.9699   -0.1157   -0.2144
   -0.2429    0.5307    0.8120
...    82 C-G ...
  -58.8303   81.7930  200.9467
   -0.4871    0.5986   -0.6360
   -0.8342   -0.5346    0.1357
   -0.2588    0.5966    0.7597
...    83 G-C ...
  -58.6536   85.1358  202.6806
   -0.7734    0.1477   -0.6165
   -0.5087   -0.7248    0.4646
   -0.3782    0.6729    0.6357
...    84 G-C ...
  -59.5552   88.7068  203.5454
   -0.8710   -0.3310   -0.3630
   -0.0512   -0.6738    0.7371
   -0.4886    0.6606    0.5700
...    85 G-C ...
  -61.6784   91.8181  203.8980
   -0.7048   -0.7094    0.0004
    0.3873   -0.3843    0.8380
   -0.5944    0.5908    0.5456
...    86 G-C ...
  -64.7928   93.9374  204.2474
   -0.3250   -0.8730    0.3637
    0.6739    0.0560    0.7367
   -0.6635    0.4846    0.5701
...    87 G-C ...
  -68.3673   94.8330  205.1037
    0.1532   -0.7720    0.6168
    0.7217    0.5138    0.4639
   -0.6750    0.3741    0.6359
...    88 A-U ...
  -71.5054   94.7753  206.8304
    0.5827   -0.4075    0.7032
    0.5065    0.8587    0.0779
   -0.6355    0.3108    0.7068
...    89 C-G ...
  -73.8283   94.3335  209.4738
    0.8128    0.0967    0.5745
    0.0938    0.9515   -0.2929
   -0.5749    0.2920    0.7643
...    90 A-U ...
  -75.1752   93.9386  212.7211
    0.8350    0.5120    0.2016
   -0.3603    0.7856   -0.5031
   -0.4159    0.3474    0.8404
...    91 C-G ...
  -75.4506   94.3430  216.2337
    0.5390    0.8250   -0.1701
   -0.7654    0.3954   -0.5077
   -0.3516    0.4038    0.8446
...    92 A-U ...
  -75.0477   95.6410  219.4998
    0.1292    0.8253   -0.5497
   -0.9500   -0.0559   -0.3072
   -0.2842    0.5620    0.7768
...    93 C-G ...
  -74.5881   98.0842  222.0292
   -0.3813    0.6163   -0.6890
   -0.8776   -0.4755    0.0603
   -0.2905    0.6277    0.7222
...    94 G-C ...
  -74.3552  101.4427  223.7260
   -0.6980    0.1858   -0.6915
   -0.5993   -0.6801    0.4222
   -0.3919    0.7092    0.5861
...    95 G-C ...
  -75.0931  105.0821  224.4488
   -0.8520   -0.2802   -0.4424
   -0.1680   -0.6539    0.7377
   -0.4959    0.7028    0.5100
...    96 G-C ...
  -77.0254  108.3331  224.5481
   -0.7478   -0.6613   -0.0592
    0.2771   -0.3919    0.8773
   -0.6033    0.6396    0.4763
...    97 G-C ...
  -80.0085  110.6598  224.5604
   -0.4171   -0.8421    0.3419
    0.6013    0.0264    0.7986
   -0.6815    0.5387    0.4953
...    98 G-C ...
  -83.5806  111.8063  225.0484
    0.0399   -0.7678    0.6395
    0.7063    0.4744    0.5255
   -0.7068    0.4307    0.5612
...    99 A-U ...
  -86.8683  111.9907  226.4588
    0.4827   -0.4307    0.7626
    0.5535    0.8248    0.1155
   -0.6788    0.3663    0.6365
...   100 C-G ...
  -89.4617  111.7568  228.8667
    0.7578    0.0545    0.6503
    0.1860    0.9371   -0.2953
   -0.6255    0.3447    0.7000
...   101 A-U ...
  -91.1415  111.5175  231.9708
    0.8441    0.4598    0.2757
   -0.2557    0.7972   -0.5468
   -0.4712    0.3911    0.7906
...   102 C-G ...
  -91.7292  112.0105  235.4335
    0.6075    0.7840   -0.1276
   -0.6840    0.4346   -0.5859
   -0.4039    0.4432    0.8003
...   103 A-U ...
  -91.5589  113.3451  238.7052
    0.2375    0.8036   -0.5457
   -0.9172    0.0007   -0.3983
   -0.3198    0.5951    0.7373
...   104 C-G ...
  -91.1833  115.8035  241.2338
   -0.2700    0.6260   -0.7316
   -0.9095   -0.4153   -0.0198
   -0.3162    0.6600    0.6815
...   105 G-C ...
  -90.8900  119.1730  242.8989
   -0.6133    0.2174   -0.7593
   -0.6821   -0.6304    0.3705
   -0.3982    0.7452    0.5349
...   106 G-C ...
  -91.4469  122.8671  243.4956
   -0.8219   -0.2323   -0.5201
   -0.2828   -0.6263    0.7265
   -0.4945    0.7442    0.4490
...   107 G-C ...
  -93.1555  126.2398  243.3596
   -0.7815   -0.6116   -0.1233
    0.1634   -0.3914    0.9056
   -0.6021    0.6876    0.4059
...   108 G-C ...
  -95.9615  128.7579  243.0464
   -0.5044   -0.8056    0.3108
    0.5212    0.0029    0.8534
   -0.6884    0.5924    0.4184
...   109 G-C ...
  -99.4784  130.1471  243.1649
   -0.0744   -0.7556    0.6508
    0.6823    0.4373    0.5858
   -0.7273    0.4876    0.4830
...   110 A-U ...
 -102.8677  130.5764  244.2424
    0.3760   -0.4460    0.8122
    0.5941    0.7887    0.1580
   -0.7111    0.4231    0.5615
...   111 C-G ...
 -105.6927  130.5630  246.3865
    0.6929    0.0176    0.7208
    0.2767    0.9166   -0.2885
   -0.6658    0.3994    0.6302
...   112 A-U ...
 -107.6787  130.4980  249.3133
    0.8425    0.4087    0.3510
   -0.1469    0.8011   -0.5802
   -0.5183    0.4373    0.7349
...   113 C-G ...
 -108.5656  131.0988  252.6943
    0.6686    0.7395   -0.0779
   -0.5928    0.4668   -0.6563
   -0.4489    0.4850    0.7505
...   114 A-U ...
 -108.6243  132.4854  255.9483
    0.3433    0.7750   -0.5306
   -0.8720    0.0531   -0.4866
   -0.3490    0.6297    0.6940
...   115 C-G ...
 -108.3309  134.9645  258.4675
   -0.1546    0.6275   -0.7631
   -0.9292   -0.3548   -0.1034
   -0.3356    0.6931    0.6379
...   116 G-C ...
 -107.9738  138.3404  260.1069
   -0.5205    0.2419   -0.8189
   -0.7560   -0.5764    0.3102
   -0.3970    0.7805    0.4829
...   117 G-C ...
 -108.3351  142.0746  260.5951
   -0.7813   -0.1881   -0.5952
   -0.3937   -0.5914    0.7037
   -0.4844    0.7841    0.3880
...   118 G-C ...
 -109.7904  145.5491  260.2454
   -0.8054   -0.5611   -0.1912
    0.0478   -0.3829    0.9226
   -0.5909    0.7339    0.3352
...   119 G-C ...
 -112.3760  148.2399  259.6232
   -0.5855   -0.7641    0.2707
    0.4348   -0.0141    0.9004
   -0.6842    0.6449    0.3405
...   120 G-C ...
 -115.7857  149.8600  259.3761
   -0.1883   -0.7357    0.6506
    0.6501    0.4032    0.6441
   -0.7362    0.5442    0.4024
...   121 A-U ...
 -119.2269  150.5337  260.1089
    0.2643   -0.4532    0.8513
    0.6279    0.7509    0.2049
   -0.7321    0.4804    0.4830
...   122 C-G ...
 -122.2415  150.7500  261.9648
    0.6191   -0.0135    0.7852
    0.3648    0.8903   -0.2724
   -0.6954    0.4551    0.5561
...   123 A-U ...
 -124.5024  150.8755  264.6827
    0.8300    0.3593    0.4266
   -0.0353    0.7971   -0.6028
   -0.5566    0.4853    0.6743
...   124 C-G ...
 -125.6711  151.6020  267.9514
    0.7215    0.6921   -0.0220
   -0.4933    0.4914   -0.7178
   -0.4860    0.5287    0.6960
...   125 A-U ...
 -125.9521  153.0552  271.1645
    0.4448    0.7397   -0.5049
   -0.8150    0.1006   -0.5707
   -0.3714    0.6653    0.6476
...   126 C-G ...
 -125.7381  155.5602  273.6660
   -0.0369    0.6207   -0.7832
   -0.9366   -0.2948   -0.1894
   -0.3484    0.7265    0.5922
...   127 G-C ...
 -125.3147  158.9378  275.2861
   -0.4209    0.2590   -0.8694
   -0.8198   -0.5189    0.2423
   -0.3884    0.8146    0.4307
...   128 G-C ...
 -125.4684  162.6968  275.6850
   -0.7306   -0.1482   -0.6665
   -0.4994   -0.5497    0.6696
   -0.4657    0.8221    0.3276
...   129 G-C ...
 -126.6445  166.2519  275.1462
   -0.8190   -0.5106   -0.2618
   -0.0682   -0.3664    0.9279
   -0.5697    0.7779    0.2653
...   130 G-C ...
 -128.9695  169.0941  274.2357
   -0.6594   -0.7182    0.2223
    0.3432   -0.0245    0.9389
   -0.6689    0.6954    0.2627
...   131 G-C ...
 -132.2218  170.9302  273.6322
   -0.2999   -0.7083    0.6390
    0.6102    0.3725    0.6993
   -0.7333    0.5996    0.3205
...   132 A-U ...
 -135.6644  171.8440  274.0137
    0.1490   -0.4523    0.8793
    0.6543    0.7118    0.2553
   -0.7414    0.5373    0.4020
...   133 C-G ...
 -138.8236  172.2963  275.5608
    0.5375   -0.0383    0.8424
    0.4489    0.8586   -0.2474
   -0.7138    0.5112    0.4787
...   134 A-U ...
 -141.3244  172.6257  278.0412
    0.8070    0.3124    0.5012
    0.0775    0.7853   -0.6142
   -0.5854    0.5345    0.6096
...   135 C-G ...
 -142.7535  173.4938  281.1688
    0.7653    0.6424    0.0396
   -0.3868    0.5082   -0.7695
   -0.5145    0.5736    0.6374
...   136 A-U ...
 -143.2467  175.0273  284.3184
    0.5408    0.6984   -0.4688
   -0.7470    0.1425   -0.6494
   -0.3868    0.7014    0.5987
...   137 C-G ...
 -143.1080  177.5630  286.7942
    0.0814    0.6058   -0.7915
   -0.9315   -0.2361   -0.2766
   -0.3544    0.7598    0.5451
...   138 G-C ...
 -142.6167  180.9375  288.4015
   -0.3159    0.2685   -0.9100
   -0.8726   -0.4587    0.1676
   -0.3724    0.8471    0.3792
...   139 G-C ...
 -142.5541  184.7057  288.7317
   -0.6707   -0.1132   -0.7330
   -0.5981   -0.5019    0.6248
   -0.4387    0.8575    0.2689
...   140 G-C ...
 -143.4292  188.3190  288.0310
   -0.8223   -0.4606   -0.3340
   -0.1827   -0.3422    0.9217
   -0.5389    0.8190    0.1973
...   141 G-C ...
 -145.4572  191.2893  286.8572
   -0.7249   -0.6685    0.1662
    0.2479   -0.0280    0.9684
   -0.6427    0.7432    0.1860
...   142 G-C ...
 -148.5037  193.3232  285.9116
   -0.4078   -0.6739    0.6161
    0.5631    0.3455    0.7507
   -0.7188    0.6531    0.2385
...   143 A-U ...
 -151.8975  194.4695  285.9400
    0.0319   -0.4432    0.8959
    0.6730    0.6722    0.3086
   -0.7390    0.5931    0.3197
...   144 C-G ...
 -155.1542  195.1604  287.1625
    0.4493   -0.0566    0.8916
    0.5279    0.8220   -0.2138
   -0.7208    0.5667    0.3991
...   145 A-U ...
 -157.8563  195.7043  289.3801
    0.7737    0.2686    0.5738
    0.1897    0.7659   -0.6144
   -0.6044    0.5842    0.5416
...   146 C-G ...
 -159.5208  196.7281  292.3398
    0.7995    0.5912    0.1059
   -0.2749    0.5169   -0.8107
   -0.5340    0.6191    0.5758
...   147 A-U ...
 -160.2130  198.3543  295.4042
    0.6298    0.6516   -0.4229
   -0.6689    0.1782   -0.7216
   -0.3948    0.7374    0.5481
...   148 C-G ...
 -160.1446  200.9251  297.8466
    0.1987    0.5829   -0.7879
   -0.9140   -0.1798   -0.3636
   -0.3536    0.7924    0.4971
...   149 G-C ...
 -159.5849  204.2918  299.4479
   -0.2070    0.2702   -0.9403
   -0.9138   -0.3967    0.0872
   -0.3494    0.8773    0.3290
...   150 G-C ...
 -159.3000  208.0536  299.7308
   -0.6024   -0.0836   -0.7938
   -0.6886   -0.4486    0.5697
   -0.4037    0.8898    0.2126
...   151 G-C ...
 -159.8566  211.7017  298.8978
   -0.8152   -0.4121   -0.4069
   -0.2941   -0.3107    0.9039
   -0.4989    0.8565    0.1320
...   152 G-C ...
 -161.5554  214.7748  297.4896
   -0.7811   -0.6158    0.1033
    0.1501   -0.0246    0.9884
   -0.6061    0.7875    0.1117
...   153 G-C ...
 -164.3511  216.9856  296.2210
   -0.5104   -0.6329    0.5822
    0.5095    0.3228    0.7976
   -0.6928    0.7037    0.1577
...   154 A-U ...
 -167.6462  218.3535  295.8997
   -0.0854   -0.4261    0.9007
    0.6837    0.6325    0.3640
   -0.7247    0.6469    0.2373
...   155 C-G ...
 -170.9522  219.2823  296.7864
    0.3556   -0.0680    0.9322
    0.6005    0.7809   -0.1721
   -0.7162    0.6210    0.3185
...   156 A-U ...
 -173.8141  220.0481  298.7197
    0.7307    0.2286    0.6433
    0.2999    0.7391   -0.6032
   -0.6133    0.6337    0.4715
...   157 C-G ...
 -175.6854  221.2392  301.4870
    0.8236    0.5393    0.1759
   -0.1592    0.5173   -0.8408
   -0.5444    0.6645    0.5119
...   158 A-U ...
 -176.5607  222.9694  304.4458
    0.7105    0.5999   -0.3678
   -0.5820    0.2072   -0.7863
   -0.3955    0.7728    0.4964
...   159 C-G ...
 -176.5565  225.5791  306.8475
    0.3134    0.5524   -0.7724
   -0.8844   -0.1265   -0.4492
   -0.3458    0.8239    0.4489
...   160 G-C ...
 -175.9288  228.9334  308.4497
   -0.0959    0.2641   -0.9597
   -0.9427   -0.3337    0.0023
   -0.3196    0.9049    0.2810
...   161 G-C ...
 -175.4191  232.6732  308.7076
   -0.5266   -0.0598   -0.8480
   -0.7695   -0.3906    0.5054
   -0.3614    0.9186    0.1596
...   162 G-C ...
 -175.6442  236.3324  307.7738
   -0.7978   -0.3656   -0.4794
   -0.4009   -0.2722    0.8747
   -0.4503    0.8901    0.0705
...   163 G-C ...
 -176.9863  239.4816  306.1632
   -0.8273   -0.5607    0.0344
    0.0513   -0.0144    0.9986
   -0.5594    0.8279    0.0407
...   164 G-C ...
 -179.4895  241.8457  304.5955
   -0.6062   -0.5859    0.5378
    0.4502    0.3046    0.8394
   -0.6556    0.7509    0.0791
...   165 A-U ...
 -182.6378  243.4211  303.9329
   -0.2012   -0.4011    0.8937
    0.6863    0.5933    0.4208
   -0.6990    0.6979    0.1559
...   166 C-G ...
 -185.9439  244.5837  304.4772
    0.2579   -0.0723    0.9635
    0.6658    0.7359   -0.1230
   -0.7001    0.6732    0.2379
...   167 A-U ...
 -188.9219  245.5755  306.1090
    0.6784    0.1929    0.7089
    0.4064    0.7053   -0.5809
   -0.6120    0.6822    0.4001
...   168 C-G ...
 -190.9686  246.9434  308.6621
    0.8371    0.4873    0.2486
   -0.0414    0.5095   -0.8595
   -0.5454    0.7092    0.4467
...   169 A-U ...
 -192.0084  248.7872  311.4965
    0.7818    0.5442   -0.3043
   -0.4875    0.2292   -0.8425
   -0.3887    0.8071    0.4444
...   170 C-G ...
 -192.0613  251.4391  313.8508
    0.4236    0.5148   -0.7454
   -0.8431   -0.0770   -0.5323
   -0.3314    0.8539    0.4014
...   171 G-C ...
 -191.3670  254.7765  315.4608
    0.0160    0.2504   -0.9680
   -0.9588   -0.2707   -0.0858
   -0.2835    0.9295    0.2357
...   172 G-C ...
 -190.6331  258.4791  315.7161
   -0.4445   -0.0421   -0.8948
   -0.8396   -0.3286    0.4325
   -0.3123    0.9435    0.1107
...   173 G-C ...
 -190.5184  262.1255  314.7146
   -0.7703   -0.3219   -0.5505
   -0.5016   -0.2273    0.8347
   -0.3938    0.9191    0.0137
...   174 G-C ...
 -191.4817  265.3230  312.9366
   -0.8627   -0.5041   -0.0395
   -0.0472    0.0025    0.9989
   -0.5035    0.8636   -0.0259
...   175 G-C ...
 -193.6550  267.8147  311.0980
   -0.6938   -0.5336    0.4835
    0.3860    0.2913    0.8753
   -0.6079    0.7940    0.0039
...   176 A-U ...
 -196.6102  269.5805  310.1073
   -0.3138   -0.3688    0.8750
    0.6806    0.5552    0.4781
   -0.6620    0.7455    0.0768
...   177 C-G ...
 -199.8674  270.9693  310.3078
    0.1575   -0.0696    0.9851
    0.7228    0.6878   -0.0670
   -0.6728    0.7226    0.1586
...   178 A-U ...
 -202.9160  272.1883  311.6250
    0.6178    0.1621    0.7695
    0.5077    0.6650   -0.5477
   -0.6005    0.7290    0.3285
...   179 C-G ...
 -205.1040  273.7396  313.9453
    0.8400    0.4359    0.3230
    0.0769    0.4936   -0.8663
   -0.5371    0.7525    0.3811
...   180 A-U ...
 -206.2875  275.7051  316.6381
    0.8427    0.4851   -0.2334
   -0.3866    0.2437   -0.8895
   -0.3746    0.8398    0.3929
...   181 C-G ...
 -206.3896  278.4020  318.9391
    0.5279    0.4705   -0.7071
   -0.7906   -0.0320   -0.6115
   -0.3103    0.8818    0.3551
...   182 G-C ...
 -205.6311  281.7184  320.5635
    0.1269    0.2291   -0.9651
   -0.9620   -0.2086   -0.1760
   -0.2416    0.9508    0.1939
...   183 G-C ...
 -204.6769  285.3689  320.8389
   -0.3572   -0.0309   -0.9335
   -0.8980   -0.2637    0.3523
   -0.2571    0.9641    0.0665
...   184 G-C ...
 -204.2191  288.9787  319.8035
   -0.7331   -0.2815   -0.6191
   -0.5946   -0.1768    0.7844
   -0.3303    0.9431   -0.0378
...   185 G-C ...
 -204.7865  292.1960  317.8957
   -0.8869   -0.4468   -0.1172
   -0.1438    0.0259    0.9893
   -0.4390    0.8942   -0.0872
...   186 G-C ...
 -206.5974  294.7877  315.8181
   -0.7721   -0.4768    0.4202
    0.3179    0.2829    0.9050
   -0.5504    0.8322   -0.0669
...   187 A-U ...
 -209.3161  296.7241  314.5174
   -0.4216   -0.3295    0.8448
    0.6669    0.5187    0.5350
   -0.6144    0.7890    0.0011
...   188 C-G ...
 -212.4760  298.3284  314.3774
    0.0559   -0.0598    0.9966
    0.7708    0.6371   -0.0050
   -0.6347    0.7684    0.0817
...   189 A-U ...
 -215.5487  299.7722  315.3714
    0.5496    0.1366    0.8242
    0.6023    0.6188   -0.5042
   -0.5789    0.7735    0.2578
...   190 C-G ...
 -217.8421  301.5112  317.4438
    0.8322    0.3861    0.3980
    0.1940    0.4698   -0.8612
   -0.5195    0.7939    0.3161
...   191 A-U ...
 -219.1461  303.6048  319.9798
    0.8923    0.4237   -0.1560
   -0.2810    0.2505   -0.9264
   -0.3534    0.8705    0.3426
...   192 C-G ...
 -219.2889  306.3486  322.2224
    0.6247    0.4202   -0.6581
   -0.7277    0.0078   -0.6858
   -0.2830    0.9074    0.3107
...   193 G-C ...
 -218.4695  309.6400  323.8678
    0.2353    0.2006   -0.9510
   -0.9523   -0.1482   -0.2669
   -0.1945    0.9684    0.1561
...   194 G-C ...
 -217.3020  313.2245  324.1855
   -0.2660   -0.0262   -0.9636
   -0.9437   -0.1967    0.2659
   -0.1966    0.9801    0.0276
...   195 G-C ...
 -216.5028  316.7746  323.1507
   -0.6868   -0.2451   -0.6843
   -0.6786   -0.1213    0.7244
   -0.2605    0.9619   -0.0830
...   196 G-C ...
 -216.6632  319.9829  321.1522
   -0.8995   -0.3897   -0.1977
   -0.2372    0.0554    0.9699
   -0.3670    0.9193   -0.1422
...   197 G-C ...
 -218.0841  322.6457  318.8712
   -0.8397   -0.4162    0.3488
    0.2468    0.2796    0.9279
   -0.4837    0.8652   -0.1321
...   198 A-U ...
 -220.5263  324.7303  317.2829
   -0.5230   -0.2837    0.8037
    0.6453    0.4843    0.5908
   -0.5569    0.8276   -0.0702
...   199 C-G ...
 -223.5419  326.5363  316.8107
   -0.0454   -0.0432    0.9980
    0.8089    0.5847    0.0621
   -0.5862    0.8101    0.0083
...   200 A-U ...
 -226.5921  328.1994  317.4778
    0.4748    0.1168    0.8723
    0.6890    0.5674   -0.4510
   -0.5476    0.8151    0.1890
...   201 C-G ...
 -228.9532  330.1276  319.2904
    0.8137    0.3384    0.4726
    0.3081    0.4384   -0.8443
   -0.4929    0.8327    0.2525
...   202 A-U ...
 -230.3531  332.3536  321.6568
    0.9298    0.3607   -0.0733
   -0.1720    0.2496   -0.9529
   -0.3254    0.8987    0.2942
...   203 C-G ...
 -230.5274  335.1458  323.8366
    0.7127    0.3647   -0.5992
   -0.6554    0.0418   -0.7541
   -0.2499    0.9302    0.2688
...   204 G-C ...
 -229.6512  338.4087  325.5092
    0.3397    0.1653   -0.9259
   -0.9296   -0.0905   -0.3572
   -0.1428    0.9821    0.1229
...   205 G-C ...
 -228.2805  341.9142  325.8910
   -0.1722   -0.0282   -0.9847
   -0.9762   -0.1287    0.1744
   -0.1316    0.9913   -0.0053
...   206 G-C ...
 -227.1462  345.3821  324.8911
   -0.6320   -0.2131   -0.7451
   -0.7524   -0.0615    0.6558
   -0.1856    0.9751   -0.1215
...   207 G-C ...
 -226.8944  348.5527  322.8427
   -0.9003   -0.3334   -0.2799
   -0.3261    0.0906    0.9410
   -0.2884    0.9384   -0.1903
...   208 G-C ...
 -227.9035  351.2566  320.3966
   -0.8959   -0.3528    0.2702
    0.1737    0.2815    0.9437
   -0.4090    0.8923   -0.1909
...   209 A-U ...
 -230.0332  353.4650  318.5473
   -0.6166   -0.2323    0.7522
    0.6160    0.4526    0.6447
   -0.4902    0.8609   -0.1360
...   210 C-G ...
 -232.8595  355.4560  317.7560
   -0.1451   -0.0198    0.9892
    0.8367    0.5312    0.1333
   -0.5281    0.8470   -0.0605
...   211 A-U ...
 -235.8407  357.3298  318.0968
    0.3946    0.1029    0.9131
    0.7663    0.5115   -0.3888
   -0.5070    0.8531    0.1230
...   212 C-G ...
 -238.2311  359.4458  319.6418
    0.7849    0.2935    0.5457
    0.4177    0.3999   -0.8159
   -0.4577    0.8683    0.1913
...   213 A-U ...
 -239.7007  361.8068  321.8282
    0.9548    0.2970    0.0135
   -0.0613    0.2411   -0.9686
   -0.2910    0.9239    0.2483
...   214 C-G ...
 -239.8969  364.6481  323.9417
    0.7906    0.3046   -0.5312
   -0.5747    0.0697   -0.8154
   -0.2114    0.9499    0.2301
...   215 G-C ...
 -238.9689  367.8795  325.6474
    0.4385    0.1237   -0.8902
   -0.8945   -0.0362   -0.4456
   -0.0874    0.9917    0.0947
...   216 G-C ...
 -237.4080  371.2939  326.1139
   -0.0772   -0.0367   -0.9963
   -0.9950   -0.0604    0.0793
   -0.0631    0.9975   -0.0319
...   217 G-C ...
 -235.9501  374.6585  325.1828
   -0.5695   -0.1860   -0.8007
   -0.8151    0.0015    0.5794
   -0.1065    0.9825   -0.1525
...   218 G-C ...
 -235.2865  377.7634  323.1258
   -0.8893   -0.2790   -0.3625
   -0.4091    0.1309    0.9030
   -0.2045    0.9513   -0.2306
...   219 G-C ...
 -235.8679  380.4777  320.5554
   -0.9397   -0.2874    0.1856
    0.0998    0.2885    0.9523
   -0.3272    0.9133   -0.2425
...   220 A-U ...
 -237.6534  382.7838  318.4754
   -0.7011   -0.1758    0.6910
    0.5796    0.4240    0.6959
   -0.4153    0.8884   -0.1954
...   221 C-G ...
 -240.2484  384.9403  317.3826
   -0.2415    0.0099    0.9703
    0.8537    0.4775    0.2077
   -0.4613    0.8786   -0.1238
...   222 A-U ...
 -243.1150  387.0131  317.4028
    0.3100    0.0951    0.9460
    0.8333    0.4519   -0.3185
   -0.4577    0.8870    0.0608
...   223 C-G ...
 -245.4958  389.3131  318.6759
    0.7462    0.2521    0.6162
    0.5211    0.3549   -0.7762
   -0.4144    0.9003    0.1334
...   224 A-U ...
 -247.0080  391.8097  320.6746
    0.9668    0.2336    0.1033
    0.0496    0.2249   -0.9731
   -0.2506    0.9460    0.2058
...   225 C-G ...
 -247.2163  394.7001  322.7192
    0.8573    0.2410   -0.4550
   -0.4866    0.0908   -0.8689
   -0.1681    0.9663    0.1952
...   226 G-C ...
 -246.2422  397.8972  324.4634
    0.5303    0.0764   -0.8444
   -0.8473    0.0138   -0.5309
   -0.0289    0.9970    0.0721
...   227 G-C ...
 -244.5067  401.2100  325.0342
    0.0177   -0.0518   -0.9985
   -0.9998    0.0069   -0.0181
    0.0078    0.9986   -0.0516
...   228 G-C ...
 -242.7411  404.4515  324.2049
   -0.5002   -0.1643   -0.8502
   -0.8656    0.0670    0.4963
   -0.0245    0.9841   -0.1757
...   229 G-C ...
 -241.6722  407.4636  322.1807
   -0.8666   -0.2270   -0.4443
   -0.4852    0.1759    0.8565
   -0.1163    0.9579   -0.2626
...   230 G-C ...
 -241.8162  410.1576  319.5285
   -0.9705   -0.2210    0.0962
    0.0260    0.3006    0.9534
   -0.2396    0.9278   -0.2860
...   231 A-U ...
 -243.2310  412.5337  317.2514
   -0.7753   -0.1151    0.6211
    0.5365    0.3989    0.7437
   -0.3333    0.9097   -0.2475
...   232 C-G ...
 -245.5557  414.8340  315.8792
   -0.3335    0.0455    0.9416
    0.8598    0.4243    0.2841
   -0.3866    0.9044   -0.1806
...   233 A-U ...
 -248.2640  417.0913  315.5889
    0.2222    0.0937    0.9705
    0.8889    0.3894   -0.2412
   -0.4005    0.9163    0.0033
...   234 C-G ...
 -250.5963  419.5685  316.5899
    0.6981    0.2148    0.6830
    0.6169    0.3039   -0.7260
   -0.3635    0.9282    0.0796
...   235 A-U ...
 -252.1234  422.1995  318.3956
    0.9658    0.1714    0.1947
    0.1591    0.2013   -0.9665
   -0.2049    0.9644    0.1671
...   236 C-G ...
 -252.3336  425.1382  320.3699
    0.9118    0.1747   -0.3717
   -0.3926    0.1051   -0.9137
   -0.1205    0.9790    0.1644
...   237 G-C ...
 -251.3198  428.2989  322.1574
    0.6138    0.0241   -0.7891
   -0.7888    0.0588   -0.6118
    0.0317    0.9980    0.0552
...   238 G-C ...
 -249.4281  431.5010  322.8505
    0.1112   -0.0731   -0.9911
   -0.9905    0.0725   -0.1165
    0.0803    0.9947   -0.0643
...   239 G-C ...
 -247.3751  434.6015  322.1545
   -0.4252   -0.1482   -0.8929
   -0.9032    0.1340    0.4078
    0.0593    0.9798   -0.1908
...   240 G-C ...
 -245.9133  437.4949  320.2040
   -0.8327   -0.1784   -0.5242
   -0.5532    0.2249    0.8021
   -0.0252    0.9579   -0.2859
...   241 G-C ...
 -245.6163  440.1381  317.5137
   -0.9880   -0.1545    0.0033
   -0.0465    0.3175    0.9471
   -0.1474    0.9356   -0.3209
...   242 A-U ...
 -246.6392  442.5556  315.0761
   -0.8380   -0.0511    0.5433
    0.4874    0.3777    0.7873
   -0.2454    0.9245   -0.2915
...   243 C-G ...
 -248.6586  444.9759  313.4504
   -0.4196    0.0865    0.9036
    0.8548    0.3723    0.3614
   -0.3052    0.9241   -0.2302
...   244 A-U ...
 -251.1670  447.4005  312.8641
    0.1327    0.0985    0.9863
    0.9325    0.3249   -0.1579
   -0.3360    0.9406   -0.0487
...   245 C-G ...
 -253.4127  450.0459  313.5967
    0.6413    0.1821    0.7454
    0.7037    0.2478   -0.6659
   -0.3060    0.9515    0.0307
...   246 A-U ...
 -254.9267  452.8080  315.2071
    0.9516    0.1113    0.2864
    0.2656    0.1707   -0.9489
   -0.1545    0.9790    0.1329
...   247 C-G ...
 -255.1287  455.7936  317.1107
    0.9533    0.1066   -0.2826
   -0.2939    0.1122   -0.9492
   -0.0695    0.9880    0.1383
...   248 G-C ...
 -254.0821  458.9161  318.9455
    0.6879   -0.0324   -0.7251
   -0.7198    0.0983   -0.6872
    0.0935    0.9946    0.0443
...   249 G-C ...
 -252.0547  462.0000  319.7774
    0.2018   -0.1004   -0.9743
   -0.9674    0.1352   -0.2143
    0.1533    0.9857   -0.0698
...   250 G-C ...
 -249.7388  464.9436  319.2441
   -0.3454   -0.1379   -0.9283
   -0.9274    0.2015    0.3151
    0.1436    0.9697   -0.1975
...   251 G-C ...
 -247.9021  467.6941  317.4072
   -0.7879   -0.1337   -0.6011
   -0.6121    0.2771    0.7407
    0.0676    0.9515   -0.3002
...   252 G-C ...
 -247.1669  470.2569  314.7232
   -0.9918   -0.0890   -0.0918
   -0.1168    0.3391    0.9335
   -0.0519    0.9366   -0.3467
...   253 A-U ...
 -247.7822  472.6866  312.1638
   -0.8884    0.0153    0.4589
    0.4330    0.3606    0.8261
   -0.1529    0.9326   -0.3270
...   254 C-G ...
 -249.4657  475.2012  310.3143
   -0.4987    0.1323    0.8566
    0.8389    0.3224    0.4386
   -0.2182    0.9373   -0.2717
...   255 A-U ...
 -251.7355  477.7736  309.4508
    0.0425    0.1095    0.9931
    0.9632    0.2595   -0.0698
   -0.2653    0.9595   -0.0945
...   256 C-G ...
 -253.8578  480.5756  309.9225
    0.5766    0.1546    0.8023
    0.7802    0.1873   -0.5968
   -0.2425    0.9701   -0.0126
...   257 A-U ...
 -255.3311  483.4636  311.3381
    0.9246    0.0541    0.3770
    0.3675    0.1335   -0.9204
   -0.1001    0.9896    0.1036
...   258 C-G ...
 -255.5149  486.4941  313.1713
    0.9813    0.0377   -0.1889
   -0.1920    0.1120   -0.9750
   -0.0156    0.9930    0.1172
...   259 G-C ...
 -254.4430  489.5774  315.0572
    0.7513   -0.0924   -0.6534
   -0.6413    0.1316   -0.7559
    0.1558    0.9870    0.0396
...   260 G-C ...
 -252.3021  492.5371  316.0419
    0.2883   -0.1332   -0.9482
   -0.9306    0.1943   -0.3103
    0.2256    0.9718   -0.0679
...   261 G-C ...
 -249.7518  495.3102  315.6987
   -0.2620   -0.1336   -0.9558
   -0.9379    0.2686    0.2196
    0.2274    0.9539   -0.1957
...   262 G-C ...
 -247.5634  497.8958  314.0138
   -0.7330   -0.0936   -0.6738
   -0.6610    0.3318    0.6730
    0.1606    0.9387   -0.3051
...   263 G-C ...
 -246.3992  500.3495  311.3801
   -0.9819   -0.0252   -0.1877
   -0.1838    0.3649    0.9127
    0.0455    0.9307   -0.3629
...   264 A-U ...
 -246.5971  502.7620  308.7394
   -0.9257    0.0831    0.3690
    0.3740    0.3480    0.8597
   -0.0569    0.9338   -0.3532
...   265 C-G ...
 -247.9189  505.3442  306.6989
   -0.5695    0.1822    0.8015
    0.8121    0.2752    0.5145
   -0.1269    0.9439   -0.3047
...   266 A-U ...
 -249.9149  508.0425  305.5810
   -0.0469    0.1266    0.9908
    0.9808    0.1939    0.0217
   -0.1894    0.9728   -0.1333
...   267 C-G ...
 -251.8787  510.9874  305.8032
    0.5050    0.1324    0.8529
    0.8454    0.1233   -0.5197
   -0.1740    0.9835   -0.0497
...   268 A-U ...
 -253.2840  513.9944  307.0272
    0.8851    0.0007    0.4654
    0.4634    0.0903   -0.8815
   -0.0426    0.9959    0.0796
...   269 C-G ...
 -253.4398  517.0669  308.7916
    0.9953   -0.0309   -0.0919
   -0.0882    0.1046   -0.9906
    0.0402    0.9940    0.1014
...   270 G-C ...
 -252.3503  520.1105  310.7312
    0.8033   -0.1550   -0.5750
   -0.5544    0.1582   -0.8171
    0.2176    0.9752    0.0412
...   271 G-C ...
 -250.1202  522.9420  311.8810
    0.3695   -0.1711   -0.9133
   -0.8807    0.2489   -0.4029
    0.2963    0.9533   -0.0587
...   272 G-C ...
 -247.3669  525.5334  311.7522
   -0.1763   -0.1354   -0.9750
   -0.9345    0.3343    0.1225
    0.3093    0.9327   -0.1855
...   273 G-C ...
 -244.8554  527.9343  310.2554
   -0.6686   -0.0587   -0.7413
   -0.6994    0.3883    0.6001
    0.2526    0.9197   -0.3007
...   274 G-C ...
 -243.2774  530.2519  307.7155
   -0.9585    0.0358   -0.2830
   -0.2466    0.3947    0.8851
    0.1434    0.9181   -0.3694
...   275 A-U ...
 -243.0541  532.6182  305.0353
   -0.9494    0.1515    0.2750
    0.3113    0.3399    0.8874
    0.0409    0.9282   -0.3699
...   276 C-G ...
 -243.9937  535.2399  302.8393
   -0.6311    0.2356    0.7390
    0.7750    0.2315    0.5880
   -0.0325    0.9439   -0.3287
...   277 A-U ...
 -245.6845  538.0407  301.4936
   -0.1344    0.1495    0.9796
    0.9849    0.1292    0.1154
   -0.1094    0.9803   -0.1646
...   278 C-G ...
 -247.4570  541.1126  301.4811
    0.4275    0.1161    0.8965
    0.8983    0.0567   -0.4357
   -0.1014    0.9916   -0.0801
...   279 A-U ...
 -248.7681  544.2299  302.5194
    0.8337   -0.0483    0.5501
    0.5520    0.0417   -0.8328
    0.0173    0.9980    0.0614
...   280 C-G ...
 -248.8867  547.3413  304.2176
    0.9951   -0.0983    0.0069
    0.0158    0.0901   -0.9958
    0.0973    0.9911    0.0912
...   281 G-C ...
 -247.7877  550.3451  306.2130
    0.8431   -0.2192   -0.4910
   -0.4603    0.1778   -0.8698
    0.2780    0.9593    0.0490
...   282 G-C ...
 -245.4937  553.0461  307.5375
    0.4441   -0.2136   -0.8701
