   22 base-pairs
...     1 G-C ...
   53.7681   42.0000   52.5774
   -0.3309   -0.2834   -0.9001
   -0.4974    0.8629   -0.0888
    0.8019    0.4183   -0.4265
...     2 C-G ...
   57.1688   41.8749   50.9752
   -0.6664    0.1997   -0.7183
   -0.2298    0.8616    0.4527
    0.7093    0.4667   -0.5283
...     3 G-C ...
   59.2304   42.5188   48.4035
   -0.7878    0.5366   -0.3022
    0.1784    0.6685    0.7220
    0.5895    0.5149   -0.6224
...     4 G-U ...
   59.9145   43.4376   45.5168
   -0.7360    0.6723    0.0793
    0.4319    0.3762    0.8197
    0.5213    0.6376   -0.5673
...     5 A-U ...
   60.6531   45.6031   42.8035
   -0.2714    0.6723    0.6887
    0.8531   -0.1632    0.4955
    0.4455    0.7220   -0.5293
...     6 U-A ...
   60.5102   48.8289   41.1984
    0.1628    0.3629    0.9175
    0.9019   -0.4318    0.0108
    0.4001    0.8258   -0.3976
...     7 U-A ...
   60.6819   52.2674   39.9643
    0.5145   -0.0534    0.8558
    0.7076   -0.5374   -0.4589
    0.4844    0.8416   -0.2387
...     8 U-A ...
   72.7041   45.2032    5.3131
   -0.4490   -0.7767    0.4418
    0.8859   -0.3223    0.3337
   -0.1168    0.5412    0.8327
...     9 G-C ...
   70.4706   46.9766    7.6297
    0.0324   -0.8925    0.4498
    0.9936    0.0775    0.0824
   -0.1084    0.4443    0.8893
...    10 G-C ...
   68.6732   48.0533   10.6141
    0.6492   -0.6758    0.3490
    0.7555    0.6259   -0.1936
   -0.0876    0.3894    0.9169
...    11 G-C ...
   68.1955   47.9352   17.8023
    0.7181    0.6016   -0.3499
   -0.6580    0.7507   -0.0596
    0.2268    0.2730    0.9349
...    12 C-G ...
   67.5562   44.1713   20.9800
    0.0586    0.9778   -0.2010
   -0.9630    0.1084    0.2466
    0.2629    0.1791    0.9480
...    13 U-A ...
   69.6669   44.7782   23.7658
   -0.4697    0.8709   -0.1446
   -0.8460   -0.3972    0.3558
    0.2524    0.2894    0.9233
...    14 C-G ...
   70.6404   48.1652   25.5313
   -0.8153    0.5784    0.0270
   -0.5114   -0.7412    0.4348
    0.2715    0.3407    0.9001
...    15 A-U ...
   73.9718   49.1172   27.6066
   -0.8369   -0.2648    0.4791
    0.3772   -0.9133    0.1540
    0.3967    0.3096    0.8642
...    16 G+C ...
   72.9234   53.8718   29.9224
   -0.7530    0.6555   -0.0577
   -0.6045   -0.6545    0.4541
    0.2598    0.3768    0.8891
...    17 G-C ...
   83.8416   67.9069   34.2819
    0.4560   -0.3906    0.7997
    0.2090   -0.8264   -0.5228
    0.8651    0.4055   -0.2952
...    18 U-A ...
   69.7360   32.9218   -2.6754
    0.6294    0.6330   -0.4509
    0.7264   -0.6853    0.0519
   -0.2761   -0.3602   -0.8911
...    19 U-A ...
   61.6473   59.8550   41.8170
    0.8008   -0.5989    0.0095
   -0.0912   -0.1376   -0.9863
    0.5919    0.7889   -0.1648
...    20 G-C ...
   64.4716   62.1973   42.4873
    0.5462   -0.6827   -0.4853
   -0.4531    0.2465   -0.8567
    0.7045    0.6878   -0.1747
...    21 U-A ...
   67.3309   63.7378   42.4672
    0.1736   -0.5294   -0.8304
   -0.6773    0.5479   -0.4909
    0.7149    0.6477   -0.2635
...    22 G-C ...
   71.1585   64.3701   41.2011
   -0.2685   -0.1975   -0.9428
   -0.6232    0.7819    0.0137
    0.7345    0.5913   -0.3330
